n= 1
-1.0 -1.1052631578947367 -1.2105263157894737 -1.3157894736842106 -1.4210526315789473 -1.526315789473684 -1.631578947368421 -1.736842105263158 -1.8421052631578947 -1.9469894736842104 -2.0517894736842104 -2.1576631578947367 -2.2629052631578945 -2.3684210526315788 -2.473684210526316 -2.5789473684210527 -2.6842105263157894 -2.789473684210526 -2.894736842105263 -3.0
n= 2
-1.0 -1.0032947368421052 -1.012063157894737 -1.040021052631579 -1.078736842105263 -1.1129263157894735 -1.1684526315789474 -1.2340736842105264 -1.2889263157894737 -1.3473157894736842 -1.4012526315789473 -1.5192736842105266 -1.6036631578947367 -1.682694736842105 -1.7918421052631577 -1.8596315789473685 -1.9276526315789473 -2.031747368421052 -2.1449473684210525 -2.2308000000000003
n= 3
-1.0 -1.0005543859649122 -1.0077122807017542 -1.0204421052631578 -1.0365122807017544 -1.06180350877193 -1.09060350877193 -1.122322807017544 -1.1411719298245615 -1.1934877192982458 -1.2633754385964913 -1.3255859649122808 -1.4002385964912278 -1.4844912280701754 -1.5962315789473687 -1.6547508771929824 -1.765578947368421 -1.890736842105263 -1.9712140350877192 -2.0884
n= 4
-1.0 -1.0010473684210526 -1.0030999999999999 -1.0134842105263158 -1.027678947368421 -1.0566736842105264 -1.0841842105263158 -1.1305105263157895 -1.161021052631579 -1.2245526315789474 -1.280257894736842 -1.3401368421052633 -1.401663157894737 -1.4970210526315788 -1.5568421052631578 -1.6925210526315788 -1.7823684210526316 -1.8626526315789473 -1.9855421052631579 -2.0776
n= 5
-1.0 -1.0007284210526315 -1.0019536842105263 -1.0091115789473684 -1.0276842105263158 -1.0420336842105262 -1.0782315789473684 -1.0851536842105263 -1.146117894736842 -1.192896842105263 -1.2474105263157893 -1.3327957894736842 -1.4002189473684212 -1.4833978947368422 -1.5611747368421054 -1.6516084210526312 -1.7482736842105262 -1.8329810526315788 -1.949621052631579 -2.02776
n= 6
-1.0 -1.0016105263157895 -1.0076491228070175 -1.0181333333333333 -1.0308385964912279 -1.0630912280701754 -1.0878070175438597 -1.1265298245614035 -1.1612877192982458 -1.2096350877192983 -1.2783122807017542 -1.3322105263157897 -1.4036736842105262 -1.4574947368421052 -1.5360877192982454 -1.6272385964912282 -1.687056140350877 -1.7816070175438596 -1.8724105263157895 -2.0010666666666665
n= 7
-1.0 -1.0013443609022556 -1.0072992481203007 -1.0153383458646617 -1.0358285714285715 -1.0548150375939849 -1.092896240601504 -1.1211879699248122 -1.1694075187969923 -1.206842105263158 -1.2657383458646618 -1.3169744360902256 -1.3942887218045112 -1.4604330827067673 -1.5237593984962405 -1.6190345864661655 -1.69086015037594 -1.7808661654135338 -1.8630375939849617 -1.9910857142857146
n= 8
-1.0 -1.0000473684210527 -1.0027394736842106 -1.0175052631578947 -1.0406842105263159 -1.0687842105263157 -1.0879657894736843 -1.1148157894736843 -1.1712236842105264 -1.2251947368421052 -1.279742105263158 -1.3235473684210524 -1.3751578947368421 -1.446971052631579 -1.5076868421052634 -1.5708184210526317 -1.6739447368421052 -1.7582605263157889 -1.840328947368421 -1.9479500000000003
n= 9
-1.0 -0.9996608187134502 -0.9990175438596491 -1.0189614035087722 -1.0387204678362574 -1.062243274853801 -1.0904795321637426 -1.1177099415204674 -1.1599555555555554 -1.2006339181286547 -1.2396631578947366 -1.3242690058479534 -1.3853543859649124 -1.4488444444444444 -1.4904771929824563 -1.574058479532164 -1.6948748538011698 -1.7780257309941523 -1.8624842105263157 -1.9376888888888888
