n = 1
-1.0 -1.1052631578947367 -1.2105263157894737 -1.3157894736842106 -1.4210526315789473 -1.526315789473684 -1.631578947368421 -1.736842105263158 -1.8421052631578947 -1.9473684210526314 -2.052631578947368 -2.1578947368421053 -2.263157894736842 -2.3684210526315788 -2.473684210526316 -2.5789473684210527 -2.6842105263157894 -2.789473684210526 -2.894736842105263 -3.0
n = 2
-1.0 -1.0025894736842105 -1.0198315789473684 -1.0378842105263157 -1.0825578947368422 -1.1287052631578947 -1.1640526315789472 -1.2219894736842105 -1.2803789473684208 -1.3597052631578948 -1.408863157894737 -1.4936736842105263 -1.6200947368421053 -1.6925684210526315 -1.7673684210526317 -1.887178947368421 -1.957157894736842 -2.045631578947368 -2.1259684210526313 -2.2096
n = 3
-1.0 -1.0002947368421051 -1.0047649122807019 -1.0164140350877193 -1.0360421052631579 -1.0518736842105263 -1.0760140350877192 -1.1301333333333334 -1.1805684210526315 -1.230098245614035 -1.2925894736842103 -1.3398385964912283 -1.4478736842105262 -1.5586526315789475 -1.620877192982456 -1.6907719298245614 -1.804378947368421 -1.8925894736842102 -1.9877263157894738 -2.0965333333333334
n = 4
-1.0 -1.0017 -1.0072157894736842 -1.0237315789473684 -1.028463157894737 -1.0438157894736841 -1.0888315789473684 -1.115594736842105 -1.1658947368421053 -1.219157894736842 -1.2541105263157895 -1.3442263157894736 -1.4092578947368422 -1.4699789473684208 -1.5579105263157893 -1.6234473684210524 -1.7140315789473681 -1.784115789473684 -1.8634947368421049 -1.99
n = 5
-1.0 -1.0006105263157896 -1.0037515789473683 -1.015077894736842 -1.0228042105263158 -1.033978947368421 -1.057418947368421 -1.090698947368421 -1.1349136842105263 -1.1848547368421052 -1.2631073684210525 -1.3168336842105262 -1.3995073684210528 -1.453578947368421 -1.5309473684210526 -1.595671578947368 -1.6633557894736843 -1.747103157894737 -1.8819957894736838 -1.9644000000000001
n = 6
-1.0 -1.0000421052631578 -1.00099649122807 -1.0149929824561406 -1.0357894736842106 -1.0493684210526315 -1.0764526315789473 -1.1195403508771928 -1.1467508771929824 -1.1852561403508772 -1.2530982456140352 -1.3157298245614035 -1.3808491228070174 -1.4200105263157896 -1.5134350877192981 -1.6150491228070176 -1.6842666666666668 -1.7657684210526314 -1.893708771929825 -1.9689333333333332
n = 7
-1.0 -1.0006225563909774 -1.0036 -1.0074947368421052 -1.018393984962406 -1.0414616541353383 -1.052839097744361 -1.0750646616541353 -1.0908421052631578 -1.1574255639097744 -1.2464451127819551 -1.3073894736842107 -1.3737563909774433 -1.4593172932330827 -1.5346736842105264 -1.6096571428571431 -1.6837233082706768 -1.7655067669172932 -1.8440240601503761 -1.9431428571428575
n = 8
-1.0 -1.0005289473684211 -1.0025631578947367 -1.0044894736842105 -1.01685 -1.0305526315789473 -1.0545 -1.11485 -1.1412473684210527 -1.1773815789473683 -1.243557894736842 -1.3238368421052633 -1.3743236842105264 -1.4316526315789475 -1.5057999999999998 -1.56575 -1.6492052631578948 -1.7466421052631578 -1.8278184210526316 -1.8971999999999998
n = 9
-1.0 -1.0020678362573099 -1.0063883040935673 -1.0183251461988305 -1.028025730994152 -1.057272514619883 -1.084304093567251 -1.117370760233918 -1.1473918128654972 -1.2044818713450292 -1.250437426900585 -1.309838596491228 -1.3762690058479532 -1.4437988304093567 -1.510084210526316 -1.5818105263157896 -1.6517497076023393 -1.747312280701754 -1.869590643274854 -1.9583111111111111
