n = 1
-1.0 -1.1052421052631578 -1.2105263157894737 -1.3157894736842106 -1.4210526315789473 -1.526315789473684 -1.631578947368421 -1.736842105263158 -1.8421052631578947 -1.9473684210526314 -2.052631578947368 -2.1578947368421053 -2.263157894736842 -2.3684210526315788 -2.473684210526316 -2.5789473684210527 -2.6842105263157894 -2.789473684210526 -2.894736842105263 -3.0
n = 2
-1.0 -1.0048631578947367 -1.0226105263157894 -1.0470736842105262 -1.078421052631579 -1.1366 -1.1900526315789473 -1.2433473684210528 -1.2932000000000001 -1.3619052631578947 -1.4587473684210526 -1.5264000000000002 -1.6109999999999998 -1.6932631578947366 -1.7800526315789473 -1.866978947368421 -1.9196315789473686 -2.0259684210526316 -2.120378947368421 -2.2321999999999997
n = 3
-1.0 -1.0008210526315788 -1.010919298245614 -1.0222105263157895 -1.0387508771929825 -1.0661333333333334 -1.0889052631578948 -1.1204771929824562 -1.1716701754385965 -1.1895999999999998 -1.2928 -1.3439508771929827 -1.422575438596491 -1.4790807017543859 -1.5782456140350876 -1.6648912280701758 -1.7626456140350877 -1.895712280701754 -1.9773052631578942 -2.0677333333333334
n = 4
-1.0 -1.0022157894736843 -1.0100315789473684 -1.0222894736842107 -1.0343052631578946 -1.0624736842105262 -1.1062315789473685 -1.1323315789473685 -1.185615789473684 -1.2135315789473684 -1.2721947368421052 -1.3575315789473685 -1.4135 -1.4736684210526314 -1.543057894736842 -1.6280157894736844 -1.7570105263157894 -1.8396210526315788 -1.9392105263157893 -2.0477000000000003
n = 5
-1.0 -1.0006231578947369 -1.004896842105263 -1.0237978947368422 -1.0419578947368422 -1.0649852631578949 -1.0878273684210527 -1.127322105263158 -1.1760294736842105 -1.1977178947368423 -1.2835073684210525 -1.3374147368421052 -1.4057136842105262 -1.4844673684210525 -1.5802526315789474 -1.6462652631578947 -1.7558147368421053 -1.844555789473684 -1.9240463157894734 -1.9778399999999998
n = 6
-1.0 -1.0011052631578947 -1.0062456140350877 -1.019540350877193 -1.0379719298245615 -1.0621333333333334 -1.0885087719298245 -1.1261263157894736 -1.1670701754385966 -1.2121824561403507 -1.272414035087719 -1.3270140350877193 -1.3708526315789473 -1.4147052631578945 -1.582273684210526 -1.6639052631578946 -1.7503298245614036 -1.8546385964912282 -1.9474912280701755 -2.051533333333333
n = 7
-1.0 -1.0007488721804512 -1.00747969924812 -1.0226796992481204 -1.0401142857142858 -1.0566285714285713 -1.094812030075188 -1.1225563909774434 -1.1647879699248118 -1.2239458646616543 -1.27809022556391 -1.3234165413533836 -1.3996451127819551 -1.473918796992481 -1.5738917293233083 -1.6507939849624063 -1.7558045112781955 -1.8574887218045109 -1.9406526315789472 -2.047485714285714
n = 8
-1.0 -0.9997142857142858 -1.009215037593985 -1.0178135338345864 -1.0328631578947367 -1.0642827067669172 -1.0881203007518798 -1.1295488721804512 -1.169624060150376 -1.2147157894736844 -1.2673924812030075 -1.341184962406015 -1.4112300751879698 -1.494790977443609 -1.5798195488721805 -1.6559518796992483 -1.758051127819549 -1.8356210526315786 -1.9460932330827068 -2.0381714285714283
n = 9
-1.0 -1.0008736842105264 -1.005607894736842 -1.0178736842105263 -1.0401500000000001 -1.0618605263157894 -1.074378947368421 -1.106692105263158 -1.1609842105263157 -1.2198894736842103 -1.2631631578947369 -1.3224736842105265 -1.420178947368421 -1.4854052631578947 -1.5841710526315786 -1.6543526315789472 -1.745365789473684 -1.8468105263157892 -1.9704631578947367 -2.0487499999999996
